[[0.0, -0.200631097396335, -0.22339215129674495, -0.2260835036807607, 0.18092265397449747, 0.12271419864441102, -0.0005774038424322114, -0.3580605236112664, -0.5304161372426615, -0.21634426681783636, 0.09207675852969743, 0.19347548345315868], [-0.200631097396335, 0.0, 0.14914688529266928, -0.06802919511375194, -0.1014674818991792, -0.3114900220315344, -0.16607242211806472, 0.22927533932189348, 0.20080912890847336, -0.09769971478421113, -0.05863310168897096, -0.45576493941141916], [-0.22339215129674495, 0.14914688529266928, 0.0, -0.03914779198021656, 0.10056778032944058, -0.2899363027179731, -0.3269082350128667, 0.20549420294356824, 0.4044164321979149, -0.31075218011703387, -0.030758637622185114, -0.362581200530363], [-0.2260835036807607, -0.06802919511375194, -0.03914779198021656, 0.0, 0.05387095035038714, -0.03451034314025514, -0.04885926914344707, -0.20674423170178646, -0.009195485414704052, 0.2571905123864392, -0.3358984651977912, -0.24660501201430862], [0.18092265397449747, -0.1014674818991792, 0.10056778032944058, 0.05387095035038714, 0.0, -0.17229491823554843, -0.06502192031293941, -0.3186619052286399, -0.3714565830900791, -0.31208048148637246, 0.12230460259384457, -0.0668659309195887], [0.12271419864441102, -0.3114900220315344, -0.2899363027179731, -0.03451034314025514, -0.17229491823554843, 0.0, -0.06120392342251413, -0.2510619019626301, -0.3622969187202285, -0.054800743952153175, -0.1940386568009944, 0.3333964311999462], [-0.0005774038424322114, -0.16607242211806472, -0.3269082350128667, -0.04885926914344707, -0.06502192031293941, -0.06120392342251413, 0.0, 0.10444830463943822, 0.22320815463649457, -0.006620614676178471, -0.14187828329555607, -0.24208299009478962], [-0.3580605236112664, 0.22927533932189348, 0.20549420294356824, -0.20674423170178646, -0.3186619052286399, -0.2510619019626301, 0.10444830463943822, 0.0, 0.10415158976973526, -0.04183744714667714, -0.19211251540313534, -0.22676263266733065], [-0.5304161372426615, 0.20080912890847336, 0.4044164321979149, -0.009195485414704052, -0.3714565830900791, -0.3622969187202285, 0.22320815463649457, 0.10415158976973526, 0.0, 0.195783144075802, -0.285405338566348, -0.09695905562882245], [-0.21634426681783636, -0.09769971478421113, -0.31075218011703387, 0.2571905123864392, -0.31208048148637246, -0.054800743952153175, -0.006620614676178471, -0.04183744714667714, 0.195783144075802, 0.0, -0.3074949839911236, -0.08742475910156444], [0.09207675852969743, -0.05863310168897096, -0.030758637622185114, -0.3358984651977912, 0.12230460259384457, -0.1940386568009944, -0.14187828329555607, -0.19211251540313534, -0.285405338566348, -0.3074949839911236, 0.0, 0.02734131994193445], [0.19347548345315868, -0.45576493941141916, -0.362581200530363, -0.24660501201430862, -0.0668659309195887, 0.3333964311999462, -0.24208299009478962, -0.22676263266733065, -0.09695905562882245, -0.08742475910156444, 0.02734131994193445, 0.0]]